1 [1589, 657, 1670, 831] 0.46551724137931033
1 [876, 713, 976, 792] 1.2658227848101267
1 [1317, 711, 1391, 771] 1.2333333333333334
2 [1085, 625, 1254, 953] 0.5152439024390244
2 [1363, 620, 1521, 959] 0.46607669616519176
2 [671, 711, 776, 795] 1.25
14 [1454, 599, 1551, 875] 0.35144927536231885
14 [386, 669, 479, 897] 0.40789473684210525
14 [279, 674, 381, 909] 0.4340425531914894
14 [153, 687, 279, 908] 0.5701357466063348
14 [650, 669, 1008, 813] 2.486111111111111
146 [1419, 720, 1768, 887] 2.089820359281437
146 [148, 688, 506, 934] 1.4552845528455285
146 [1152, 724, 1298, 817] 1.5698924731182795
217 [239, 695, 573, 934] 1.397489539748954
226 [1233, 539, 1403, 980] 0.3854875283446712

1 [581, 204, 613, 283] 0.4050632911392405
1 [295, 226, 330, 253] 1.2962962962962963
1 [469, 224, 500, 253] 1.0689655172413792
2 [369, 191, 444, 320] 0.5813953488372093
2 [489, 191, 536, 326] 0.34814814814814815
2 [212, 225, 250, 254] 1.3103448275862069
14 [517, 186, 556, 293] 0.3644859813084112
14 [94, 210, 135, 304] 0.43617021276595747
14 [50, 210, 93, 306] 0.4479166666666667
14 [10, 209, 44, 304] 0.35789473684210527
14 [205, 205, 354, 267] 2.403225806451613
149 [509, 229, 637, 300] 1.8028169014084507
149 [3, 213, 139, 309] 1.4166666666666667
149 [402, 229, 457, 266] 1.4864864864864864
174 [65, 198, 390, 439] 1.3485477178423237
222 [25, 220, 166, 314] 1.5
231 [427, 158, 494, 340] 0.36813186813186816